1593247212945 0.39154738187789917 0
1593247216950 0.347775399684906 1
1593247221033 0.3703545928001404 2
1593247225366 0.31154629588127136 3
1593247229014 0.2978307902812958 4
1593247232773 0.2895258367061615 5
1593247236418 0.24398788809776306 6
1593247240137 0.25212979316711426 7
1593247243772 0.24757665395736694 8
1593247247810 0.23134784400463104 9
1593247251632 0.20091554522514343 10
1593247255173 0.21352332830429077 11
1593247258989 0.20760321617126465 12
1593247262530 0.1850298047065735 13
1593247266104 0.184829443693161 14
1593247269769 0.1859680712223053 15
1593247273429 0.17521169781684875 16
1593247277146 0.17618772387504578 17
1593247280867 0.1738937795162201 18
1593247284920 0.16213491559028625 19
1593247288770 0.14897052943706512 20
1593247292426 0.14991478621959686 21
1593247296497 0.13898396492004395 22
1593247300502 0.1444251537322998 23
1593247304155 0.13079147040843964 24
1593247307796 0.14489731192588806 25
1593247311288 0.13188913464546204 26
1593247314971 0.13222664594650269 27
1593247318717 0.12061376869678497 28
1593247322240 0.13376030325889587 29
1593247325894 0.12711094319820404 30
1593247329501 0.11718668788671494 31
1593247333067 0.11397670209407806 32
1593247336685 0.12146542966365814 33
1593247340388 0.12890246510505676 34
1593247344015 0.12006708234548569 35
1593247347546 0.11355049908161163 36
1593247351341 0.11581003665924072 37
1593247355072 0.12618115544319153 38
1593247358735 0.10425321757793427 39
1593247362373 0.10969197750091553 40
1593247366074 0.1127663403749466 41
1593247369699 0.12205597013235092 42
1593247373338 0.1049826443195343 43
1593247376890 0.09018541872501373 44
1593247380920 0.10814498364925385 45
1593247384629 0.10641758888959885 46
1593247388180 0.10581508278846741 47
1593247391781 0.1003686785697937 48
1593247395354 0.1136426255106926 49
