1593247212854 1.055464744567871 0
1593247216837 0.001768163638189435 1
1593247220956 0.0027773715555667877 2
1593247225281 0.005149094853550196 3
1593247228940 0.011554300785064697 4
1593247232687 0.03343644738197327 5
1593247236338 0.08025216311216354 6
1593247240056 0.18153303861618042 7
1593247243693 0.16598506271839142 8
1593247247738 0.09650137275457382 9
1593247251582 0.04903901740908623 10
1593247255092 0.031253229826688766 11
1593247258909 0.024031534790992737 12
1593247262451 0.03076230362057686 13
1593247265974 0.03978990018367767 14
1593247269694 0.06921452283859253 15
1593247273350 0.12583301961421967 16
1593247277072 0.1785822957754135 17
1593247280767 0.16428473591804504 18
1593247284846 0.10294885188341141 19
1593247288696 0.06450064480304718 20
1593247292379 0.035954996943473816 21
1593247296417 0.03463638573884964 22
1593247300427 0.044107988476753235 23
1593247304074 0.05616484582424164 24
1593247307727 0.08964376151561737 25
1593247311218 0.09893402457237244 26
1593247314891 0.08825933933258057 27
1593247318608 0.07686331868171692 28
1593247322169 0.0674237608909607 29
1593247325819 0.050974614918231964 30
1593247329422 0.047644615173339844 31
1593247332996 0.053573984652757645 32
1593247336610 0.06503520160913467 33
1593247340314 0.0747939720749855 34
1593247343945 0.09640923887491226 35
1593247347472 0.06825161725282669 36
1593247351261 0.06851816922426224 37
1593247354993 0.06325135380029678 38
1593247358661 0.06554422527551651 39
1593247362299 0.06892900168895721 40
1593247365998 0.08197925239801407 41
1593247369635 0.09065563976764679 42
1593247373230 0.0729309469461441 43
1593247376818 0.05728655681014061 44
1593247380846 0.06689499318599701 45
1593247384559 0.07178942114114761 46
1593247388081 0.07315462827682495 47
1593247391713 0.06417673826217651 48
1593247395308 0.055439542979002 49
