1593247213056 0.39154738187789917 0
1593247217028 0.347775399684906 1
1593247221104 0.3703545928001404 2
1593247225461 0.31154629588127136 3
1593247229121 0.2978307902812958 4
1593247232864 0.2895258367061615 5
1593247236511 0.24398788809776306 6
1593247240235 0.25212979316711426 7
1593247243868 0.24757665395736694 8
1593247247927 0.23134784400463104 9
1593247251712 0.20091554522514343 10
1593247255287 0.21352332830429077 11
1593247259073 0.20760321617126465 12
1593247262612 0.1850298047065735 13
1593247266189 0.184829443693161 14
1593247269848 0.1859680712223053 15
1593247273536 0.17521169781684875 16
1593247277216 0.17618772387504578 17
1593247281015 0.1738937795162201 18
1593247285036 0.16213491559028625 19
1593247288866 0.14897052943706512 20
1593247292530 0.14991478621959686 21
1593247296611 0.13898396492004395 22
1593247300597 0.1444251537322998 23
1593247304234 0.13079147040843964 24
1593247307857 0.14489731192588806 25
1593247311390 0.13188913464546204 26
1593247315083 0.13222664594650269 27
1593247318797 0.12061376869678497 28
1593247322339 0.13376030325889587 29
1593247325984 0.12711094319820404 30
1593247329586 0.11718668788671494 31
1593247333133 0.11397670209407806 32
1593247336788 0.12146542966365814 33
1593247340496 0.12890246510505676 34
1593247344098 0.12006708234548569 35
1593247347724 0.11355049908161163 36
1593247351450 0.11581003665924072 37
1593247355149 0.12618115544319153 38
1593247358831 0.10425321757793427 39
1593247362480 0.10969197750091553 40
1593247366163 0.1127663403749466 41
1593247369814 0.12205597013235092 42
1593247373409 0.1049826443195343 43
1593247377011 0.09018541872501373 44
1593247381015 0.10814498364925385 45
1593247384709 0.10641758888959885 46
1593247388254 0.10581508278846741 47
1593247391851 0.1003686785697937 48
1593247395425 0.1136426255106926 49
